0.940084
0.236988
0.184059
3.013849
0.093937
0.928164
0.161171
0.116110
0.105143
0.470161
0.149012
0.215054
0.129938
0.110149
0.134945
0.252962
4.704952
1.134157
0.546932
0.152111
0.309944
0.237942
0.199080
0.131130
0.917196
1.149178
0.235796
0.130177
0.914812
0.131130
0.125885
0.278950
0.095129
0.195980
4.450083
0.230074
0.334024
0.322104
0.921011
0.090837
0.365019
0.208855
0.128031
0.714064
0.234127
0.097036
0.231981
0.304937
0.113010
0.247002
0.118017
0.109911
0.131130
0.082970
0.770807
0.483990
5.109072
0.236988
0.316143
0.484943
0.115871
0.117064
0.135183
0.080109
0.353098
0.497818
0.953197
0.146866
0.313044
0.240088
6.787062
0.113010
0.108004
0.239134
0.649929
0.110149
0.128031
3.441095
0.150919
0.097990
0.386953
0.338078
0.409842
0.259876
0.223875
0.087976
0.531912
0.265121
0.139952
0.278950
0.110865
0.224829
0.617981
0.131845
0.921011
0.137091
0.860929
0.139952
0.323057
0.241995